1897442
2993429
4818009
7739754
11416663
11795177
11902409
12448215
12878434
13317859
14980262
18378694
21126898
27250925
30829887
31023522
32184215
33168974
33411997
41179175
44707918
48549172
49491547
50472236
50717322
54298343
58517381
59350283
60085623
60527553
62636447
62655450
63613385
63616218
63627697
64229345
67050893
70030874
71217509
81334149
81628829
81718327
81785586
87704191
89185211
91040968
91997142
92821843
94820894
97150829
98662890
99318552
100887527
105517967
107249191
120426460
120480200
121987799
123118494
124705273
125837585
125884352
127652721
128777543
129793050
136991155
137181430
139263463
141990452
143700545
144999112
145568751
145626813
151290919
151576355
159006777
159471153
160919652
163217194
172077015
173431844
177271947
178996964
180809822
180999489
181317849
181572054
184098755
187860762
190583006
195058569
198619413
199043863
199389643
203671688
217158143
221899384
222692144
224199902
229571101
232062618
233754976
234306102
237803008
241312255
241507209
244894029
247342618
249672303
250735028
256809405
257190567
261847456
262200003
267568833
270854211
274113509
278766686
279193001
279338594
279875266
285482148
288077233
288088389
290105240
293952222
295231932
296465185
297325564
300058366
301284034
302028592
306119143
306175828
306514852
307783010
307872501
308336889
310674787
310705998
318395897
320015185
323485405
327172177
327484605
327808892
328165489
329318029
339826635
340053212
346420034
347228978
347502547
349900186
351732981
352769449
353533838
354623322
355646633
359183717
359468476
361751284
362348096
364074260
369816746
372579124
375183888
377271279
386922220
391510930
392007246
392486201
392616073
399951542
401160413
405627487
407177251
408071064
408379659
414145414
414797299
416216778
421268424
421855155
423029475
423729208
425250095
427625531
427890997
433471668
435899178
437571445
444497016
445260692
446117774
450239662
450583186
453032718
453107525
453344421
454268927
462429335
463777699
465475131
465841722
466488385
466911769
468181990
470115710
474791255
478687512
480855445
482233792
486239254
493048507
493595913
494956925
495412186
498384569
500490505
504865341
511572658
515814344
515900388
516079818
517676735
518059378
521373746
522510511
523037424
523104061
526322984
528303255
530672991
532087353
538474627
539738506
541751671
543801293
547473171
556412169
558212007
560306716
561025404
563896890
565017809
565528907
565717728
569696019
574865844
575911893
576200011
577333141
578618163
579194947
581138864
583981271
587539351
587887367
587995575
588230897
589569535
590124124
591898588
592279664
593491004
598510683
601253263
604688885
608659891
610831423
612803599
614086135
614351882
614499611
614509919
615932696
619994038
620763765
627331262
628193143
633563054
635223706
638390525
641647827
641933166
642388622
642400657
642849135
644063351
646103654
646967531
649141422
652109745
657766797
661671377
665210469
669487008
670235763
672367873
672770571
673044315
673322948
673943285
675312317
676200289
677861830
680463759
684500112
688165495
688185646
689079346
689356857
689864599
690363270
690919101
692375604
695199025
695376563
696873722
696887783
699487329
701041229
702307179
703210088
703618024
706267459
709445739
709474290
709851611
711686559
715177121
715550421
721475953
722488020
725296103
725932732
726093611
726411283
728259040
731005015
731179596
731577759
733693129
735097984
739368127
740359951
740700182
741101519
743643570
744160646
744972931
746686473
753585342
753810458
755317574
755795279
756500454
759325666
765416310
766286131
767462915
767637779
769896259
769906830
773525794
776174819
776440911
780494378
781060359
781525257
782293872
782755084
783161120
786398324
789354206
795721102
796663841
798373304
802019036
802942193
803745376
804282384
807435216
813159096
813750651
815177517
816640108
819350210
820349417
825327229
827272522
833251178
835127881
837564964
846628801
846869518
849794840
854762339
857609003
858696729
864085450
868977616
870556295
870862816
872944951
873107680
873588756
874408732
876394802
876652390
882156276
887052429
893278809
894679591
894682646
895315612
896828117
898575525
902952794
905971230
906983641
911235746
915051494
918437322
923031451
924267780
924876640
926529444
928047215
930278287
930389307
931884937
934422749
934607421
938895170
940819777
941360152
944569316
947829814
952061677
952836558
956962303
956975713
957244171
958054825
961336979
962200616
962428523
963062834
966476989
968767094
970579845
971521352
972291269
972954907
975438855
977023120
978399252
983587579
983612002
983669595
985938879
988141502
989699708
995269262
997057023
999061295
999405380
1001149567
1001192312
1006886853
1007039786
1008463809
1010550106
1010889990
1012545749
1017620515
1017743328
1019921995
1020242773
1020491174
1024128976
1025816463
1028189538
1029511925
1034041838
1035157920
1036015941
1036142404
1039176274
1039417997
1040509073
1040546967
1041194923
1042283063
1046061693
1047865143
1049524120
1057019259
1057451838
1059433456
1061966543
1062201712
1063054019
1063617505
1067240581
1067794173
1070005621
1070326752
1076505567
1077917746
1080233505
1083543985
1085009347
1086257456
1090764729
1092829060
1093793452
1095066444
1096288060
1100409318
1100740226
1104770311
1106633541
1106952110
1107749227
1108654522
1109643132
1111177715
1112293151
1113472591
1117192512
1118219770
1123282176
1124200826
1125018684
1125261108
1126386345
1128086685
1130015127
1133921991
1134137093
1135820666
1136036717
1136631148
1136670222
1138635124
1140063491
1140993939
1153671109
1153834906
1153891202
1153902444
1157019256
1160146576
1160394138
1163227883
1164364347
1167612878
1168070121
1169933346
1171551289
1177375388
1177979037
1183442751
1188493289
1189820554
1190404339
1190912113
1191495346
1195984615
1196162207
1197451351
1197871456
1197994703
1199106731
1202193148
1203181863
1203977238
1204366992
1205023463
1205768559
1213342675
1214302445
1216448608
1218362972
1219728947
1221567471
1223213908
1224642519
1224648942
1224650299
1225276485
1225776597
1230026226
1230114870
1230464165
1233026658
1233822658
1233998350
1235118635
1235836659
1236573830
1237766657
1242607054
1244095674
1245889958
1249439575
1251530589
1252068806
1253842971
1258375188
1260039873
1261307476
1268078431
1269033351
1270011170
1271893701
1272681445
1272962088
1275856554
1276071338
1277214741
1279268787
1280281806
1282177376
1283516438
1284930513
1285914693
1285944249
1286333953
1289323861
1290279493
1291362811
1297782073
1300845690
1303793482
1303891445
1304648361
1305183886
1307237072
1307366783
1310295739
1311953670
1319253744
1319877203
1321511496
1326115557
1329025123
1329380740
1332436243
1337958029
1340381027
1344724857
1346338177
1350930109
1351893358
1353032106
1354511055
1355277751
1356211368
1358340779
1365011565
1366961636
1367835998
1371810917
1373194360
1382267830
1385776008
1386793546
1387716922
1392103976
1398893007
1399433574
1399737136
1399940138
1400284469
1401316823
1403440587
1404662393
1405522346
1406929846
1416967457
1419359709
1426660209
1427548730
1428312753
1431335696
1433296265
1438877933
1439450407
1439706994
1441436076
1441721602
1445278959
1447450993
1452949748
1453237823
1453989019
1455159377
1457197409
1459786668
1465027895
1465810621
1467271236
1468448352
1472516790
1473413585
1473570660
1475525345
1490294207
1492664371
1493632130
1495410087
1495600220
1502962529
1504813539
1505519478
1506219449
1512633691
1513536848
1517661055
1519382324
1520665416
1520864495
1521666976
1522446674
1525888216
1526818240
1529458738
1531327261
1531752005
1531919020
1535087777
1535600110
1536618473
1536873644
1537034859
1538091278
1538859127
1542903248
1545158215
1549538555
1552862066
1556133597
1559297311
1560617919
1560689371
1561641249
1562389511
1565305028
1565972158
1566525858
1569857495
1573249979
1576867716
1578963874
1579471719
1580382127
1582016295
1584356558
1585402243
1588429882
1588568889
1590756476
1593110853
1593300270
1600588565
1602782320
1606506420
1612936719
1613537792
1615205726
1621983428
1622016655
1622146341
1624043447
1624624065
1627191482
1628575327
1630931153
1638637988
1642927623
1645131363
1646242756
1654517032
1654942846
1658693592
1659636802
1660631553
1663168986
1663424296
1666075966
1666315105
1669652723
1671109302
1671129672
1672099604
1674347023
1675487592
1685514755
1685901634
1689941589
1690376982
1690687883
1696478021
1698167062
1699475538
1700754698
1701215123
1703499742
1704244434
1706523781
1706965856
1707782347
1710848163
1711849633
1713223646
1716843124
1721101836
1721291680
1722440977
1728876284
1734087460
1735623330
1735889645
1742993800
1753619686
1753884124
1756119848
1762661569
1765405466
1766462594
1767279079
1768427094
1769961278
1771323605
1781345748
1782649988
1786439874
1788736423
1790727941
1792023998
1793735189
1795892833
1797776635
1797959508
1798035370
1800548537
1803648710
1808159056
1812602290
1813050708
1817560958
1819200871
1820170629
1823818410
1823928339
1825536636
1827390940
1827601544
1828131942
1828382447
1832437940
1835627591
1836417572
1841162217
1843169035
1846175514
1848132672
1849495468
1850789136
1856866707
1857739909
1861043898
1861403249
1864761805
1866290881
1868310227
1869369178
1870351134
1881511613
1881923239
1881965521
1882305043
1885225879
1885261838
1888236125
1889247560
1890344006
1897108791
1897862276
1898076202
1898403367
1898973495
1901023012
1901081582
1901706108
1903447664
1905628505
1914874180
1915936958
1922604858
1924868148
1926569480
1928675329
1929332058
1929504467
1929985370
1934185023
1937627837
1939626178
1940643185
1941263623
1941600975
1949572497
1949927773
1954975145
1960652051
1961860357
1966349068
1974809294
1975760294
1979381979
1979566970
1981125926
1981540567
1982344187
1983431900
1988226070
1991331058
1992149269
1995020951
1998123978
2002191164
2002506642
2008329424
2014466306
2014951066
2017992512
2018036047
2019770605
2022506063
2025889772
2035116124
2037154864
2037782696
2038020025
2043311279
2047680316
2049100222
2051216807
2055358431
2055509987
2057654149
2058551431
2059184473
2059865604
2061803459
2062522085
2064114602
2068692029
2069631591
2071758404
2075067919
2076503780
2081401633
2087583822
2091330920
2093813861
2094192410
2098619714
2101316209
2101595788
2101859981
2103553001
2103791226
2105084343
2106821956
2112347647
2113854014
2114379280
2115214676
2116120289
2122881230
2124586088
2124743598
2124967486
2124998800
2125413466
2128141404
2128318563
2132438527
2132740862
2133438173
2133586025
2134687822
2136713227
2139739318
