2254425
10923630
12885147
12893618
13354228
13475777
14474871
18753362
21736042
28106062
29840558
33502398
36777831
38479187
40060823
40693180
41346859
44785590
45023296
45786471
47411031
49432494
49821092
49987570
50602594
52759166
53121652
56713022
56910297
57801033
57946427
62514041
62544006
62584080
62669582
62833492
64577382
68572160
71175296
71318277
72649742
74233191
74273146
76551355
80301954
81655305
82120866
82198475
85917219
87234324
87372300
90997658
92924750
93211260
93326864
94808493
94894937
95337660
98304083
99095118
99117191
101094655
103054866
103692046
104399663
108253297
109845079
111427392
120764980
126075864
128022371
128687745
129222835
132040910
136660931
138660702
142114211
143584301
148986239
149612607
150657934
150996442
152694127
153015566
154056485
154437160
157444302
159002575
165290811
167017718
167578151
169128698
172576834
173983587
175551421
177109455
178504531
180513516
183036359
186790627
187574854
193220130
193522929
195391106
195790521
196534519
197311868
200488866
212191402
213364369
214528719
221437071
224676925
226705787
227859224
240541304
241219119
243373187
245437904
246458154
247455996
247732413
248337716
250555257
251817030
253381695
255442192
255475623
255918932
257665405
262468082
266275443
274830551
276368980
279312281
281385611
282602537
288389688
292594846
295524855
305312147
305659797
307050085
309314743
310322152
316812414
316914431
316993074
317250958
324972445
325811747
327118162
327548390
329513845
332007627
332045624
332062631
334698760
338897686
342163375
347129260
350406513
358248262
358756029
361885616
362737661
364468162
366875462
369643236
373448956
373461782
380386855
381420356
385068222
387243617
389281342
397110591
398347758
398969542
399330834
399952238
400109240
401720618
408981480
410487065
410983470
412693518
414547734
416304898
416643220
421732747
429790472
430735977
432344856
434087672
435822279
436197825
436819383
438070230
438301808
440165606
442600044
443324555
443443933
444946011
446061661
448651687
450661519
451433226
452364293
452803194
453698032
455450646
455648224
463041730
466530610
467603244
467887497
474983013
481256791
481857712
487162421
488973383
490235352
491547615
493091398
493784624
494370742
494513670
494933635
502279487
503847638
504395391
504865324
505814508
507679460
508008568
511728813
517167073
519922581
523293525
525182576
525182951
527874847
529537800
537859808
541604049
541896749
545712189
546747830
551002633
553820836
553866372
553983704
556716598
558485337
559851748
560415939
563611171
565661881
568864313
571623151
572892009
575226513
581363727
581718794
585765662
592068287
592569782
594487030
596883465
598966424
605082561
605915697
606605234
608172331
610723038
611632156
613504786
614203662
615508019
616154689
619038386
620190356
620765915
621397257
625787303
625906779
629878721
630229700
632706172
633929649
639231745
641349339
642576124
642647768
646177900
647725159
650339297
652460283
653724765
656938121
662074123
664289445
666635167
666930163
669548023
669577846
673069845
673818792
677784304
687779140
689936988
695057826
696171878
697524080
706339243
709195888
709554445
715065370
716937671
718726753
719343148
722140670
726776758
728523819
731396312
734072471
737176279
737607772
738834966
740272986
742220728
747974499
751766967
760968794
762511553
763811745
769571432
772403117
776945440
780547442
780693468
781083053
781281060
781798438
782028398
785168582
785184978
789237976
792292128
794562071
796938068
797581948
798545416
799263934
799353187
802981521
806132436
808751346
809101126
809264992
813637420
814154309
815028813
822807672
823061140
826868139
827461229
828477624
833314974
833391372
842783592
842881451
846652838
848279653
848474799
848826608
860967019
861138764
864697923
865678126
866814470
867482249
868827049
872664554
872817539
874992949
875276091
877212097
879200638
881220896
881540938
882103917
886340119
886408957
886621157
888561610
889672083
897086137
898443386
900258939
900866345
901688949
904762575
909884231
917466326
920443470
921048766
921254484
923185699
923907761
923955622
924281118
930960506
931832903
931870078
932696555
934144016
937916280
939724236
944990787
945570420
949326420
949337186
951365546
954189844
955110972
956152612
957930522
958985408
959942026
964835851
969873835
971430195
976489006
977582511
979628283
983295382
985696812
987894288
990144263
993037490
1001601104
1004482586
1004950955
1005138590
1010619042
1014255243
1015210562
1015318943
1019084823
1019308252
1020677644
1020974009
1022387827
1024530713
1026074771
1027889073
1028948980
1030476514
1035996592
1036739245
1037146460
1039532765
1039967166
1042821946
1043478265
1045784441
1046058325
1048740210
1048994462
1051122833
1054281185
1057339415
1057605459
1059471735
1060266171
1063159276
1069844690
1072413694
1073226649
1077034651
1080220753
1084657162
1086068157
1087786550
1091771538
1092134680
1093026657
1094403255
1095503209
1095506498
1097038784
1100949065
1100951421
1104201366
1105203469
1105949055
1106210708
1109295529
1111584789
1114891597
1115829733
1117382258
1125548346
1127289414
1128243095
1134922640
1139870650
1140530164
1142979405
1143796475
1145438614
1150401969
1151410251
1154671043
1156939558
1160676502
1161363560
1161433919
1164887841
1166568555
1167304816
1167572746
1171313380
1176155466
1177481828
1177750569
1180466445
1182293586
1182323290
1184210271
1188250704
1191166513
1191821801
1192177265
1193515677
1193926841
1194692303
1200248674
1200424742
1203019641
1208578149
1211921308
1213472674
1214802600
1223903456
1228496606
1231603843
1232327967
1233160537
1234873225
1239768878
1240331647
1246409653
1249626145
1251266691
1252406206
1252447264
1253502298
1255381828
1255429483
1255548742
1256239030
1257363813
1257914828
1259274925
1259702883
1259870359
1265567647
1266909415
1267533640
1268664115
1270193865
1271683168
1273552005
1274518611
1275757662
1279441232
1281340271
1282157212
1285776013
1287534182
1294027984
1294762996
1295306065
1296321211
1296784370
1297435866
1301119068
1302471129
1302644260
1302784093
1303959198
1307667231
1310931005
1317437277
1318957523
1324241007
1331451232
1335024442
1335955519
1337402873
1338627291
1339449514
1340397536
1340771415
1341288328
1343072218
1343223459
1343373790
1346304906
1347860432
1350422035
1350494414
1358821609
1365057535
1365348086
1366211368
1366243729
1366778161
1367010154
1369033838
1370133909
1373193443
1373680265
1375736649
1378095848
1379782162
1381395120
1381660855
1382898976
1387738453
1392638003
1392884727
1395308631
1395925588
1396863736
1403849701
1406264695
1408669495
1410069141
1411732906
1416326232
1416903142
1421436320
1421749632
1424767784
1425162305
1426805762
1429198473
1434674784
1438654935
1438731729
1440917778
1441058328
1442710645
1445303470
1447443624
1449587366
1450036402
1454008692
1454198059
1457546254
1458850350
1462503383
1462878448
1463787825
1464584180
1464750109
1465102544
1466340085
1470376428
1472141012
1473378743
1477789980
1478039394
1479148675
1482816991
1484161130
1486237876
1488516166
1489763287
1492932839
1494113748
1495554386
1496749622
1498495972
1499639313
1500958043
1506411345
1506747163
1509548760
1514090212
1516060872
1520893488
1522039532
1522299367
1524264635
1527496609
1527576373
1528020509
1528287662
1531147383
1536768951
1538170306
1538559525
1541769702
1541939060
1542513207
1547014026
1550008142
1559602672
1562802712
1563199579
1563436214
1564290021
1567816305
1568640580
1568690949
1569852399
1570760932
1572834679
1575945826
1576535336
1581148302
1584979707
1587707619
1588151493
1595619086
1597211326
1597750653
1599963058
1602209614
1609386958
1609891659
1611913969
1612651116
1614495842
1615991225
1619013587
1624029217
1624416296
1625982274
1627208713
1628029367
1628927167
1629481638
1629694658
1632294595
1632369360
1632700326
1632977488
1633961014
1634896590
1635887568
1637988106
1638291172
1643531475
1643753848
1645610129
1647713010
1648477937
1649331700
1655142672
1655183896
1656602871
1661231028
1661750694
1672616917
1673127377
1673325549
1673377765
1674412975
1677691044
1681073035
1681876893
1684613071
1693002103
1697643553
1698213520
1701096507
1702326705
1703555557
1703879995
1707333715
1708285096
1708990585
1712744833
1717403241
1725909320
1728720237
1730867537
1731129177
1732179798
1734915199
1735876974
1737446853
1740885577
1741009050
1742291670
1742459861
1745127932
1746038620
1746685911
1747017826
1754532868
1756570845
1756664611
1760567346
1765045625
1767008105
1767367434
1771804441
1775737491
1778418541
1779089493
1779932981
1780459781
1782666462
1783733193
1783905931
1797198928
1800406155
1801133933
1801174401
1804063960
1808315959
1809017635
1810971317
1812300929
1813083857
1814124311
1814839473
1815157564
1815357405
1816147924
1816962010
1817683675
1817745144
1818587544
1821488042
1824953540
1825695856
1830741818
1831243937
1832399899
1832772068
1837059383
1840505133
1844911350
1847530412
1848474718
1851545133
1852505551
1854071539
1854647150
1854735921
1854917316
1857423788
1863658760
1864742940
1864846797
1868091144
1871889617
1873156326
1873722862
1874240096
1879328688
1879404213
1881005301
1883238916
1885673593
1892017221
1893985409
1896003413
1898832611
1899312124
1903214659
1904046121
1906164635
1906250288
1909189352
1910641390
1914612073
1915260863
1916459722
1918753720
1920720359
1923116927
1926120606
1926350949
1927038594
1929659774
1930203364
1932562455
1932929742
1934110112
1935960749
1936371719
1937548567
1939710619
1941662604
1941678313
1943150158
1945493128
1945806883
1954673026
1955463615
1957127815
1959521569
1960040398
1967228830
1971954561
1973278241
1978809948
1979362827
1982215626
1982430939
1982439252
1982471726
1983218859
1985618802
1986423322
1987229607
1991502619
1991725998
1995008605
1997685416
2002914479
2005679131
2006011708
2007181216
2008108844
2009103029
2009178779
2010162862
2010204484
2013587904
2014256279
2017283438
2019151387
2021570236
2026317114
2026515408
2028504958
2029587833
2033193630
2034503957
2037631506
2039679185
2040535390
2040858750
2041552611
2042197955
2042680748
2043069947
2047773151
2051508739
2053017342
2055088446
2056164064
2056994377
2071160328
2072698657
2073802046
2077049486
2077258876
2079665341
2082933800
2083998846
2084226108
2086943067
2092705009
2093780302
2096725877
2099898772
2101637503
2103772861
2106620567
2109226622
2109368109
2111242597
2111940787
2114539752
2117638558
2118399515
2125178837
2128704002
2131068963
2132199823
2137383331
2137517153
2139490422
2143549219
2144343455
2145570788
2146612146
2147307853
